100	48	10
6400	2000000	1000	0.74
6400	2000000	1000	0.66
6400	2000000	1000	0.19
6400	2000000	1000	0.8
6400	2000000	1000	0.53
6400	2000000	1000	0.69
6400	2000000	1000	0.55
6400	2000000	1000	0.62
6400	2000000	1000	0.66
6400	2000000	1000	0.68
6400	2000000	1000	0.61
6400	2000000	1000	0.64
6400	2000000	1000	0.39
6400	2000000	1000	0.86
6400	2000000	1000	0.22
6400	2000000	1000	0.59
6400	2000000	1000	0.71
6400	2000000	1000	0.71
6400	2000000	1000	0.73
6400	2000000	1000	0.45
6400	2000000	1000	0.51
6400	2000000	1000	0.22
6400	2000000	1000	0.65
6400	2000000	1000	0.04
6400	2000000	1000	0.26
6400	2000000	1000	0.9
6400	2000000	1000	0.44
6400	2000000	1000	0.5
6400	2000000	1000	0.56
6400	2000000	1000	0.43
6400	2000000	1000	0.54
6400	2000000	1000	0.72
6400	2000000	1000	0.3
6400	2000000	1000	0.64
6400	2000000	1000	0.32
6400	2000000	1000	0.39
6400	2000000	1000	0.78
6400	2000000	1000	0.46
6400	2000000	1000	0.71
6400	2000000	1000	0.8
6400	2000000	1000	0.41
6400	2000000	1000	0.64
6400	2000000	1000	0.35
6400	2000000	1000	0.69
6400	2000000	1000	0.8
6400	2000000	1000	0.58
6400	2000000	1000	0.67
6400	2000000	1000	0.41
83	5	96	1067	317495	5	18_19_23_29_26
43	8	55	49	205200	83	2_1_0_13_26
3	1	6	508	58043	168	6_22_20_21_23
84	4	98	286	17119	69	5_7_3_19_18
28	9	37	193	244878	113	1_2_0_26_25
38	10	52	465	242164	31	17_4_35_6_12
24	2	29	703	288848	144	38_39_32_37_36
59	7	75	1101	221634	164	3_5_29_23_19
71	7	88	331	303781	14	34_33_0_2_1
48	7	64	238	8522	1	34_33_40_26_25
