time,server_id,on/off,cpu,mem,hdd,#jobs
0,0,0,0,0,0,0,2.2044761024221833,41.40905892807403
0,1,0,0,0,0,0,2.2079841653193193,41.418279077614606
0,2,0,0,0,0,0,2.203773209396296,41.41562898432549
0,3,0,0,0,0,0,2.2090733956296966,41.412976201380715
0,4,0,0,0,0,0,2.197525202581634,41.411197489913654
0,5,0,0,0,0,0,2.192006020989062,41.406890991861545
0,6,0,0,0,0,0,2.205101429517954,41.41446098734803
1,0,0,0,0,0,0,2.2044761024221833,41.40905892807403
1,1,0,0,0,0,0,2.2079841653193193,41.418279077614606
1,2,0,0,0,0,0,2.203773209396296,41.41562898432549
1,3,0,0,0,0,0,2.2090733956296966,41.412976201380715
1,4,0,0,0,0,0,2.197525202581634,41.411197489913654
1,5,0,0,0,0,0,2.192006020989062,41.406890991861545
1,6,0,0,0,0,0,2.205101429517954,41.41446098734803
2,0,0,0,0,0,0,2.2044761024221833,41.40905892807403
2,1,0,0,0,0,0,2.2079841653193193,41.418279077614606
2,2,0,0,0,0,0,2.203773209396296,41.41562898432549
2,3,0,0,0,0,0,2.2090733956296966,41.412976201380715
2,4,0,0,0,0,0,2.197525202581634,41.411197489913654
2,5,0,0,0,0,0,2.192006020989062,41.406890991861545
2,6,0,0,0,0,0,2.205101429517954,41.41446098734803
3,0,0,0,0,0,0,2.2044761024221833,41.40905892807403
3,1,0,0,0,0,0,2.2079841653193193,41.418279077614606
3,2,0,0,0,0,0,2.203773209396296,41.41562898432549
3,3,0,0,0,0,0,2.2090733956296966,41.412976201380715
3,4,0,0,0,0,0,2.197525202581634,41.411197489913654
3,5,0,0,0,0,0,2.192006020989062,41.406890991861545
3,6,0,0,0,0,0,2.205101429517954,41.41446098734803
4,0,0,0,0,0,0,2.2044761024221833,41.40905892807403
4,1,0,0,0,0,0,2.2079841653193193,41.418279077614606
4,2,0,0,0,0,0,2.203773209396296,41.41562898432549
4,3,0,0,0,0,0,2.2090733956296966,41.412976201380715
4,4,0,0,0,0,0,2.197525202581634,41.411197489913654
4,5,0,0,0,0,0,2.192006020989062,41.406890991861545
4,6,0,0,0,0,0,2.205101429517954,41.41446098734803
5,0,0,0,0,0,0,2.2044761024221833,41.40905892807403
5,1,0,0,0,0,0,2.2079841653193193,41.418279077614606
5,2,0,0,0,0,0,2.203773209396296,41.41562898432549
5,3,0,0,0,0,0,2.2090733956296966,41.412976201380715
5,4,0,0,0,0,0,2.197525202581634,41.411197489913654
5,5,0,0,0,0,0,2.192006020989062,41.406890991861545
5,6,0,0,0,0,0,2.205101429517954,41.41446098734803
6,0,0,0,0,0,0,2.2044761024221833,41.40905892807403
6,1,0,0,0,0,0,2.2079841653193193,41.418279077614606
6,2,0,0,0,0,0,2.203773209396296,41.41562898432549
6,3,0,0,0,0,0,2.2090733956296966,41.412976201380715
6,4,0,0,0,0,0,2.197525202581634,41.411197489913654
6,5,0,0,0,0,0,2.192006020989062,41.406890991861545
6,6,0,0,0,0,0,2.205101429517954,41.41446098734803
7,0,0,0,0,0,0,2.2044761024221833,41.40905892807403
7,1,0,0,0,0,0,2.2079841653193193,41.418279077614606
7,2,0,0,0,0,0,2.203773209396296,41.41562898432549
7,3,0,0,0,0,0,2.2090733956296966,41.412976201380715
7,4,0,0,0,0,0,2.197525202581634,41.411197489913654
7,5,0,0,0,0,0,2.192006020989062,41.406890991861545
7,6,0,0,0,0,0,2.205101429517954,41.41446098734803
8,0,0,0,0,0,0,2.2044761024221833,41.40905892807403
8,1,0,0,0,0,0,2.2079841653193193,41.418279077614606
8,2,0,0,0,0,0,2.203773209396296,41.41562898432549
8,3,0,0,0,0,0,2.2090733956296966,41.412976201380715
8,4,0,0,0,0,0,2.197525202581634,41.411197489913654
8,5,0,0,0,0,0,2.192006020989062,41.406890991861545
8,6,0,0,0,0,0,2.205101429517954,41.41446098734803
9,0,0,0,0,0,0,2.2044761024221833,41.40905892807403
9,1,0,0,0,0,0,2.2079841653193193,41.418279077614606
9,2,0,0,0,0,0,2.203773209396296,41.41562898432549
9,3,0,0,0,0,0,2.2090733956296966,41.412976201380715
9,4,0,0,0,0,0,2.197525202581634,41.411197489913654
9,5,0,0,0,0,0,2.192006020989062,41.406890991861545
9,6,0,0,0,0,0,2.205101429517954,41.41446098734803
10,0,0,0,0,0,0,2.2044761024221833,41.40905892807403
10,1,0,0,0,0,0,2.2079841653193193,41.418279077614606
10,2,0,0,0,0,0,2.203773209396296,41.41562898432549
10,3,0,0,0,0,0,2.2090733956296966,41.412976201380715
10,4,0,0,0,0,0,2.197525202581634,41.411197489913654
10,5,0,0,0,0,0,2.192006020989062,41.406890991861545
10,6,0,0,0,0,0,2.205101429517954,41.41446098734803
11,0,0,0,0,0,0,2.2044761024221833,41.40905892807403
11,1,0,0,0,0,0,2.2079841653193193,41.418279077614606
11,2,0,0,0,0,0,2.203773209396296,41.41562898432549
11,3,0,0,0,0,0,2.2090733956296966,41.412976201380715
11,4,0,0,0,0,0,2.197525202581634,41.411197489913654
11,5,0,0,0,0,0,2.192006020989062,41.406890991861545
11,6,0,0,0,0,0,2.205101429517954,41.41446098734803
12,0,0,0,0,0,0,2.2044761024221833,41.40905892807403
12,1,0,0,0,0,0,2.2079841653193193,41.418279077614606
12,2,0,0,0,0,0,2.203773209396296,41.41562898432549
12,3,0,0,0,0,0,2.2090733956296966,41.412976201380715
12,4,0,0,0,0,0,2.197525202581634,41.411197489913654
12,5,0,0,0,0,0,2.192006020989062,41.406890991861545
12,6,0,0,0,0,0,2.205101429517954,41.41446098734803
13,0,0,0,0,0,0,2.2044761024221833,41.40905892807403
13,1,0,0,0,0,0,2.2079841653193193,41.418279077614606
13,2,0,0,0,0,0,2.203773209396296,41.41562898432549
13,3,0,0,0,0,0,2.2090733956296966,41.412976201380715
13,4,0,0,0,0,0,2.197525202581634,41.411197489913654
13,5,0,0,0,0,0,2.192006020989062,41.406890991861545
13,6,0,0,0,0,0,2.205101429517954,41.41446098734803
14,0,0,0,0,0,0,2.2044761024221833,41.40905892807403
14,1,0,0,0,0,0,2.2079841653193193,41.418279077614606
14,2,0,0,0,0,0,2.203773209396296,41.41562898432549
14,3,0,0,0,0,0,2.2090733956296966,41.412976201380715
14,4,0,0,0,0,0,2.197525202581634,41.411197489913654
14,5,0,0,0,0,0,2.192006020989062,41.406890991861545
14,6,0,0,0,0,0,2.205101429517954,41.41446098734803
15,0,0,0,0,0,0,2.2044761024221833,41.40905892807403
15,1,0,0,0,0,0,2.2079841653193193,41.418279077614606
15,2,0,0,0,0,0,2.203773209396296,41.41562898432549
15,3,0,0,0,0,0,2.2090733956296966,41.412976201380715
15,4,0,0,0,0,0,2.197525202581634,41.411197489913654
15,5,0,0,0,0,0,2.192006020989062,41.406890991861545
15,6,0,0,0,0,0,2.205101429517954,41.41446098734803
16,0,0,0,0,0,0,2.2044761024221833,41.40905892807403
16,1,0,0,0,0,0,2.2079841653193193,41.418279077614606
16,2,0,0,0,0,0,2.203773209396296,41.41562898432549
16,3,0,0,0,0,0,2.2090733956296966,41.412976201380715
16,4,0,0,0,0,0,2.197525202581634,41.411197489913654
16,5,0,0,0,0,0,2.192006020989062,41.406890991861545
16,6,0,0,0,0,0,2.205101429517954,41.41446098734803
17,0,0,0,0,0,0,2.2044761024221833,41.40905892807403
17,1,0,0,0,0,0,2.2079841653193193,41.418279077614606
17,2,0,0,0,0,0,2.203773209396296,41.41562898432549
17,3,0,0,0,0,0,2.2090733956296966,41.412976201380715
17,4,0,0,0,0,0,2.197525202581634,41.411197489913654
17,5,0,0,0,0,0,2.192006020989062,41.406890991861545
17,6,0,0,0,0,0,2.205101429517954,41.41446098734803
18,0,0,0,0,0,0,2.2044761024221833,41.40905892807403
18,1,0,0,0,0,0,2.2079841653193193,41.418279077614606
18,2,0,0,0,0,0,2.203773209396296,41.41562898432549
18,3,0,0,0,0,0,2.2090733956296966,41.412976201380715
18,4,0,0,0,0,0,2.197525202581634,41.411197489913654
18,5,0,0,0,0,0,2.192006020989062,41.406890991861545
18,6,0,0,0,0,0,2.205101429517954,41.41446098734803
19,0,0,0,0,0,0,2.2044761024221833,41.40905892807403
19,1,0,0,0,0,0,2.2079841653193193,41.418279077614606
19,2,0,0,0,0,0,2.203773209396296,41.41562898432549
19,3,0,0,0,0,0,2.2090733956296966,41.412976201380715
19,4,0,0,0,0,0,2.197525202581634,41.411197489913654
19,5,0,0,0,0,0,2.192006020989062,41.406890991861545
19,6,0,0,0,0,0,2.205101429517954,41.41446098734803
20,0,0,0,0,0,0,2.2044761024221833,41.40905892807403
20,1,0,0,0,0,0,2.2079841653193193,41.418279077614606
20,2,0,0,0,0,0,2.203773209396296,41.41562898432549
20,3,0,0,0,0,0,2.2090733956296966,41.412976201380715
20,4,0,0,0,0,0,2.197525202581634,41.411197489913654
20,5,0,0,0,0,0,2.192006020989062,41.406890991861545
20,6,0,0,0,0,0,2.205101429517954,41.41446098734803
21,0,0,0,0,0,0,2.2044761024221833,41.40905892807403
21,1,0,0,0,0,0,2.2079841653193193,41.418279077614606
21,2,0,0,0,0,0,2.203773209396296,41.41562898432549
21,3,0,0,0,0,0,2.2090733956296966,41.412976201380715
21,4,0,0,0,0,0,2.197525202581634,41.411197489913654
21,5,0,0,0,0,0,2.192006020989062,41.406890991861545
21,6,0,0,0,0,0,2.205101429517954,41.41446098734803
22,0,0,0,0,0,0,2.2044761024221833,41.40905892807403
22,1,0,0,0,0,0,2.2079841653193193,41.418279077614606
22,2,0,0,0,0,0,2.203773209396296,41.41562898432549
22,3,0,0,0,0,0,2.2090733956296966,41.412976201380715
22,4,0,0,0,0,0,2.197525202581634,41.411197489913654
22,5,0,0,0,0,0,2.192006020989062,41.406890991861545
22,6,0,0,0,0,0,2.205101429517954,41.41446098734803
23,0,0,0,0,0,0,2.2044761024221833,41.40905892807403
23,1,0,0,0,0,0,2.2079841653193193,41.418279077614606
23,2,0,0,0,0,0,2.203773209396296,41.41562898432549
23,3,0,0,0,0,0,2.2090733956296966,41.412976201380715
23,4,0,0,0,0,0,2.197525202581634,41.411197489913654
23,5,0,0,0,0,0,2.192006020989062,41.406890991861545
23,6,0,0,0,0,0,2.205101429517954,41.41446098734803
24,0,0,0,0,0,0,2.2044761024221833,41.40905892807403
24,1,0,0,0,0,0,2.2079841653193193,41.418279077614606
24,2,0,0,0,0,0,2.203773209396296,41.41562898432549
24,3,0,0,0,0,0,2.2090733956296966,41.412976201380715
24,4,0,0,0,0,0,2.197525202581634,41.411197489913654
24,5,0,0,0,0,0,2.192006020989062,41.406890991861545
24,6,0,0,0,0,0,2.205101429517954,41.41446098734803
25,0,0,0,0,0,0,2.2044761024221833,41.40905892807403
25,1,0,0,0,0,0,2.2079841653193193,41.418279077614606
25,2,0,0,0,0,0,2.203773209396296,41.41562898432549
25,3,0,0,0,0,0,2.2090733956296966,41.412976201380715
25,4,0,0,0,0,0,2.197525202581634,41.411197489913654
25,5,0,0,0,0,0,2.192006020989062,41.406890991861545
25,6,0,0,0,0,0,2.205101429517954,41.41446098734803
26,0,0,0,0,0,0,2.2044761024221833,41.40905892807403
26,1,0,0,0,0,0,2.2079841653193193,41.418279077614606
26,2,0,0,0,0,0,2.203773209396296,41.41562898432549
26,3,0,0,0,0,0,2.2090733956296966,41.412976201380715
26,4,0,0,0,0,0,2.197525202581634,41.411197489913654
26,5,0,0,0,0,0,2.192006020989062,41.406890991861545
26,6,0,0,0,0,0,2.205101429517954,41.41446098734803
27,0,0,0,0,0,0,2.2044761024221833,41.40905892807403
27,1,0,0,0,0,0,2.2079841653193193,41.418279077614606
27,2,0,0,0,0,0,2.203773209396296,41.41562898432549
27,3,0,0,0,0,0,2.2090733956296966,41.412976201380715
27,4,0,0,0,0,0,2.197525202581634,41.411197489913654
27,5,0,0,0,0,0,2.192006020989062,41.406890991861545
27,6,0,0,0,0,0,2.205101429517954,41.41446098734803
28,0,0,0,0,0,0,2.2044761024221833,41.40905892807403
28,1,0,0,0,0,0,2.2079841653193193,41.418279077614606
28,2,0,0,0,0,0,2.203773209396296,41.41562898432549
28,3,0,0,0,0,0,2.2090733956296966,41.412976201380715
28,4,0,0,0,0,0,2.197525202581634,41.411197489913654
28,5,0,0,0,0,0,2.192006020989062,41.406890991861545
28,6,0,0,0,0,0,2.205101429517954,41.41446098734803
29,0,0,0,0,0,0,2.2044761024221833,41.40905892807403
29,1,0,0,0,0,0,2.2079841653193193,41.418279077614606
29,2,0,0,0,0,0,2.203773209396296,41.41562898432549
29,3,0,0,0,0,0,2.2090733956296966,41.412976201380715
29,4,0,0,0,0,0,2.197525202581634,41.411197489913654
29,5,0,0,0,0,0,2.192006020989062,41.406890991861545
29,6,0,0,0,0,0,2.205101429517954,41.41446098734803
30,0,0,0,0,0,0,2.2044761024221833,41.40905892807403
30,1,0,0,0,0,0,2.2079841653193193,41.418279077614606
30,2,0,0,0,0,0,2.203773209396296,41.41562898432549
30,3,0,0,0,0,0,2.2090733956296966,41.412976201380715
30,4,0,0,0,0,0,2.197525202581634,41.411197489913654
30,5,0,0,0,0,0,2.192006020989062,41.406890991861545
30,6,0,0,0,0,0,2.205101429517954,41.41446098734803
31,0,0,0,0,0,0,2.2044761024221833,41.40905892807403
31,1,0,0,0,0,0,2.2079841653193193,41.418279077614606
31,2,0,0,0,0,0,2.203773209396296,41.41562898432549
31,3,0,0,0,0,0,2.2090733956296966,41.412976201380715
31,4,0,0,0,0,0,2.197525202581634,41.411197489913654
31,5,0,0,0,0,0,2.192006020989062,41.406890991861545
31,6,0,0,0,0,0,2.205101429517954,41.41446098734803
32,0,0,0,0,0,0,2.2044761024221833,41.40905892807403
32,1,0,0,0,0,0,2.2079841653193193,41.418279077614606
32,2,0,0,0,0,0,2.203773209396296,41.41562898432549
32,3,0,0,0,0,0,2.2090733956296966,41.412976201380715
32,4,0,0,0,0,0,2.197525202581634,41.411197489913654
32,5,0,0,0,0,0,2.192006020989062,41.406890991861545
32,6,0,0,0,0,0,2.205101429517954,41.41446098734803
33,0,0,0,0,0,0,2.2044761024221833,41.40905892807403
33,1,0,0,0,0,0,2.2079841653193193,41.418279077614606
33,2,0,0,0,0,0,2.203773209396296,41.41562898432549
33,3,0,0,0,0,0,2.2090733956296966,41.412976201380715
33,4,0,0,0,0,0,2.197525202581634,41.411197489913654
33,5,0,0,0,0,0,2.192006020989062,41.406890991861545
33,6,0,0,0,0,0,2.205101429517954,41.41446098734803
34,0,0,0,0,0,0,2.2044761024221833,41.40905892807403
34,1,0,0,0,0,0,2.2079841653193193,41.418279077614606
34,2,0,0,0,0,0,2.203773209396296,41.41562898432549
34,3,0,0,0,0,0,2.2090733956296966,41.412976201380715
34,4,0,0,0,0,0,2.197525202581634,41.411197489913654
34,5,0,0,0,0,0,2.192006020989062,41.406890991861545
34,6,0,0,0,0,0,2.205101429517954,41.41446098734803
35,0,0,0,0,0,0,2.2044761024221833,41.40905892807403
35,1,0,0,0,0,0,2.2079841653193193,41.418279077614606
35,2,0,0,0,0,0,2.203773209396296,41.41562898432549
35,3,0,0,0,0,0,2.2090733956296966,41.412976201380715
35,4,0,0,0,0,0,2.197525202581634,41.411197489913654
35,5,0,0,0,0,0,2.192006020989062,41.406890991861545
35,6,0,0,0,0,0,2.205101429517954,41.41446098734803
36,0,0,0,0,0,0,2.2044761024221833,41.40905892807403
36,1,0,0,0,0,0,2.2079841653193193,41.418279077614606
36,2,0,0,0,0,0,2.203773209396296,41.41562898432549
36,3,0,0,0,0,0,2.2090733956296966,41.412976201380715
36,4,0,0,0,0,0,2.197525202581634,41.411197489913654
36,5,0,0,0,0,0,2.192006020989062,41.406890991861545
36,6,0,0,0,0,0,2.205101429517954,41.41446098734803
37,0,0,0,0,0,0,2.2044761024221833,41.40905892807403
37,1,0,0,0,0,0,2.2079841653193193,41.418279077614606
37,2,0,0,0,0,0,2.203773209396296,41.41562898432549
37,3,0,0,0,0,0,2.2090733956296966,41.412976201380715
37,4,0,0,0,0,0,2.197525202581634,41.411197489913654
37,5,0,0,0,0,0,2.192006020989062,41.406890991861545
37,6,0,0,0,0,0,2.205101429517954,41.41446098734803
38,0,0,0,0,0,0,2.2044761024221833,41.40905892807403
38,1,0,0,0,0,0,2.2079841653193193,41.418279077614606
38,2,0,0,0,0,0,2.203773209396296,41.41562898432549
38,3,0,0,0,0,0,2.2090733956296966,41.412976201380715
38,4,0,0,0,0,0,2.197525202581634,41.411197489913654
38,5,0,0,0,0,0,2.192006020989062,41.406890991861545
38,6,0,0,0,0,0,2.205101429517954,41.41446098734803
39,0,0,0,0,0,0,2.2044761024221833,41.40905892807403
39,1,0,0,0,0,0,2.2079841653193193,41.418279077614606
39,2,0,0,0,0,0,2.203773209396296,41.41562898432549
39,3,0,0,0,0,0,2.2090733956296966,41.412976201380715
39,4,0,0,0,0,0,2.197525202581634,41.411197489913654
39,5,0,0,0,0,0,2.192006020989062,41.406890991861545
39,6,0,0,0,0,0,2.205101429517954,41.41446098734803
40,0,0,0,0,0,0,2.2044761024221833,41.40905892807403
40,1,0,0,0,0,0,2.2079841653193193,41.418279077614606
40,2,0,0,0,0,0,2.203773209396296,41.41562898432549
40,3,0,0,0,0,0,2.2090733956296966,41.412976201380715
40,4,0,0,0,0,0,2.197525202581634,41.411197489913654
40,5,0,0,0,0,0,2.192006020989062,41.406890991861545
40,6,0,0,0,0,0,2.205101429517954,41.41446098734803
41,0,0,0,0,0,0,2.2044761024221833,41.40905892807403
41,1,0,0,0,0,0,2.2079841653193193,41.418279077614606
41,2,0,0,0,0,0,2.203773209396296,41.41562898432549
41,3,0,0,0,0,0,2.2090733956296966,41.412976201380715
41,4,0,0,0,0,0,2.197525202581634,41.411197489913654
41,5,0,0,0,0,0,2.192006020989062,41.406890991861545
41,6,0,0,0,0,0,2.205101429517954,41.41446098734803
42,0,0,0,0,0,0,2.2044761024221833,41.40905892807403
42,1,0,0,0,0,0,2.2079841653193193,41.418279077614606
42,2,0,0,0,0,0,2.203773209396296,41.41562898432549
42,3,0,0,0,0,0,2.2090733956296966,41.412976201380715
42,4,0,0,0,0,0,2.197525202581634,41.411197489913654
42,5,0,0,0,0,0,2.192006020989062,41.406890991861545
42,6,0,0,0,0,0,2.205101429517954,41.41446098734803
43,0,0,0,0,0,0,2.2044761024221833,41.40905892807403
43,1,0,0,0,0,0,2.2079841653193193,41.418279077614606
43,2,0,0,0,0,0,2.203773209396296,41.41562898432549
43,3,0,0,0,0,0,2.2090733956296966,41.412976201380715
43,4,0,0,0,0,0,2.197525202581634,41.411197489913654
43,5,0,0,0,0,0,2.192006020989062,41.406890991861545
43,6,0,0,0,0,0,2.205101429517954,41.41446098734803
44,0,0,0,0,0,0,2.2044761024221833,41.40905892807403
44,1,0,0,0,0,0,2.2079841653193193,41.418279077614606
44,2,0,0,0,0,0,2.203773209396296,41.41562898432549
44,3,0,0,0,0,0,2.2090733956296966,41.412976201380715
44,4,0,0,0,0,0,2.197525202581634,41.411197489913654
44,5,0,0,0,0,0,2.192006020989062,41.406890991861545
44,6,0,0,0,0,0,2.205101429517954,41.41446098734803
45,0,0,0,0,0,0,2.2044761024221833,41.40905892807403
45,1,0,0,0,0,0,2.2079841653193193,41.418279077614606
45,2,0,0,0,0,0,2.203773209396296,41.41562898432549
45,3,0,0,0,0,0,2.2090733956296966,41.412976201380715
45,4,0,0,0,0,0,2.197525202581634,41.411197489913654
45,5,0,0,0,0,0,2.192006020989062,41.406890991861545
45,6,0,0,0,0,0,2.205101429517954,41.41446098734803
46,0,0,0,0,0,0,2.2044761024221833,41.40905892807403
46,1,0,0,0,0,0,2.2079841653193193,41.418279077614606
46,2,0,0,0,0,0,2.203773209396296,41.41562898432549
46,3,0,0,0,0,0,2.2090733956296966,41.412976201380715
46,4,0,0,0,0,0,2.197525202581634,41.411197489913654
46,5,0,0,0,0,0,2.192006020989062,41.406890991861545
46,6,0,0,0,0,0,2.205101429517954,41.41446098734803
47,0,0,0,0,0,0,2.2044761024221833,41.40905892807403
47,1,0,0,0,0,0,2.2079841653193193,41.418279077614606
47,2,0,0,0,0,0,2.203773209396296,41.41562898432549
47,3,0,0,0,0,0,2.2090733956296966,41.412976201380715
47,4,0,0,0,0,0,2.197525202581634,41.411197489913654
47,5,0,0,0,0,0,2.192006020989062,41.406890991861545
47,6,0,0,0,0,0,2.205101429517954,41.41446098734803
48,0,0,0,0,0,0,2.2044761024221833,41.40905892807403
48,1,0,0,0,0,0,2.2079841653193193,41.418279077614606
48,2,0,0,0,0,0,2.203773209396296,41.41562898432549
48,3,0,0,0,0,0,2.2090733956296966,41.412976201380715
48,4,0,0,0,0,0,2.197525202581634,41.411197489913654
48,5,0,0,0,0,0,2.192006020989062,41.406890991861545
48,6,0,0,0,0,0,2.205101429517954,41.41446098734803
49,0,0,0,0,0,0,2.2044761024221833,41.40905892807403
49,1,0,0,0,0,0,2.2079841653193193,41.418279077614606
49,2,0,0,0,0,0,2.203773209396296,41.41562898432549
49,3,0,0,0,0,0,2.2090733956296966,41.412976201380715
49,4,0,0,0,0,0,2.197525202581634,41.411197489913654
49,5,0,0,0,0,0,2.192006020989062,41.406890991861545
49,6,0,0,0,0,0,2.205101429517954,41.41446098734803
50,0,0,0,0,0,0,2.2044761024221833,41.40905892807403
50,1,0,0,0,0,0,2.2079841653193193,41.418279077614606
50,2,0,0,0,0,0,2.203773209396296,41.41562898432549
50,3,0,0,0,0,0,2.2090733956296966,41.412976201380715
50,4,0,0,0,0,0,2.197525202581634,41.411197489913654
50,5,0,0,0,0,0,2.192006020989062,41.406890991861545
50,6,0,0,0,0,0,2.205101429517954,41.41446098734803
51,0,0,0,0,0,0,2.2044761024221833,41.40905892807403
51,1,0,0,0,0,0,2.2079841653193193,41.418279077614606
51,2,0,0,0,0,0,2.203773209396296,41.41562898432549
51,3,0,0,0,0,0,2.2090733956296966,41.412976201380715
51,4,0,0,0,0,0,2.197525202581634,41.411197489913654
51,5,0,0,0,0,0,2.192006020989062,41.406890991861545
51,6,0,0,0,0,0,2.205101429517954,41.41446098734803
52,0,0,0,0,0,0,2.2044761024221833,41.40905892807403
52,1,0,0,0,0,0,2.2079841653193193,41.418279077614606
52,2,0,0,0,0,0,2.203773209396296,41.41562898432549
52,3,0,0,0,0,0,2.2090733956296966,41.412976201380715
52,4,0,0,0,0,0,2.197525202581634,41.411197489913654
52,5,0,0,0,0,0,2.192006020989062,41.406890991861545
52,6,0,0,0,0,0,2.205101429517954,41.41446098734803
53,0,0,0,0,0,0,2.2044761024221833,41.40905892807403
53,1,0,0,0,0,0,2.2079841653193193,41.418279077614606
53,2,0,0,0,0,0,2.203773209396296,41.41562898432549
53,3,0,0,0,0,0,2.2090733956296966,41.412976201380715
53,4,0,0,0,0,0,2.197525202581634,41.411197489913654
53,5,0,0,0,0,0,2.192006020989062,41.406890991861545
53,6,0,0,0,0,0,2.205101429517954,41.41446098734803
54,0,0,0,0,0,0,2.2044761024221833,41.40905892807403
54,1,0,0,0,0,0,2.2079841653193193,41.418279077614606
54,2,0,0,0,0,0,2.203773209396296,41.41562898432549
54,3,0,0,0,0,0,2.2090733956296966,41.412976201380715
54,4,0,0,0,0,0,2.197525202581634,41.411197489913654
54,5,0,0,0,0,0,2.192006020989062,41.406890991861545
54,6,0,0,0,0,0,2.205101429517954,41.41446098734803
55,0,0,0,0,0,0,2.2044761024221833,41.40905892807403
55,1,0,0,0,0,0,2.2079841653193193,41.418279077614606
55,2,0,0,0,0,0,2.203773209396296,41.41562898432549
55,3,0,0,0,0,0,2.2090733956296966,41.412976201380715
55,4,0,0,0,0,0,2.197525202581634,41.411197489913654
55,5,0,0,0,0,0,2.192006020989062,41.406890991861545
55,6,0,0,0,0,0,2.205101429517954,41.41446098734803
56,0,0,0,0,0,0,2.2044761024221833,41.40905892807403
56,1,0,0,0,0,0,2.2079841653193193,41.418279077614606
56,2,0,0,0,0,0,2.203773209396296,41.41562898432549
56,3,0,0,0,0,0,2.2090733956296966,41.412976201380715
56,4,0,0,0,0,0,2.197525202581634,41.411197489913654
56,5,0,0,0,0,0,2.192006020989062,41.406890991861545
56,6,0,0,0,0,0,2.205101429517954,41.41446098734803
57,0,0,0,0,0,0,2.2044761024221833,41.40905892807403
57,1,0,0,0,0,0,2.2079841653193193,41.418279077614606
57,2,0,0,0,0,0,2.203773209396296,41.41562898432549
57,3,0,0,0,0,0,2.2090733956296966,41.412976201380715
57,4,0,0,0,0,0,2.197525202581634,41.411197489913654
57,5,0,0,0,0,0,2.192006020989062,41.406890991861545
57,6,0,0,0,0,0,2.205101429517954,41.41446098734803
58,0,0,0,0,0,0,2.2044761024221833,41.40905892807403
58,1,0,0,0,0,0,2.2079841653193193,41.418279077614606
58,2,0,0,0,0,0,2.203773209396296,41.41562898432549
58,3,0,0,0,0,0,2.2090733956296966,41.412976201380715
58,4,0,0,0,0,0,2.197525202581634,41.411197489913654
58,5,0,0,0,0,0,2.192006020989062,41.406890991861545
58,6,0,0,0,0,0,2.205101429517954,41.41446098734803
59,0,0,0,0,0,0,2.2044761024221833,41.40905892807403
59,1,0,0,0,0,0,2.2079841653193193,41.418279077614606
59,2,0,0,0,0,0,2.203773209396296,41.41562898432549
59,3,0,0,0,0,0,2.2090733956296966,41.412976201380715
59,4,0,0,0,0,0,2.197525202581634,41.411197489913654
59,5,0,0,0,0,0,2.192006020989062,41.406890991861545
59,6,0,0,0,0,0,2.205101429517954,41.41446098734803
60,0,0,0,0,0,0,2.2044761024221833,41.40905892807403
60,1,0,0,0,0,0,2.2079841653193193,41.418279077614606
60,2,0,0,0,0,0,2.203773209396296,41.41562898432549
60,3,0,0,0,0,0,2.2090733956296966,41.412976201380715
60,4,0,0,0,0,0,2.197525202581634,41.411197489913654
60,5,0,0,0,0,0,2.192006020989062,41.406890991861545
60,6,0,0,0,0,0,2.205101429517954,41.41446098734803
61,0,0,0,0,0,0,2.2044761024221833,41.40905892807403
61,1,0,0,0,0,0,2.2079841653193193,41.418279077614606
61,2,0,0,0,0,0,2.203773209396296,41.41562898432549
61,3,0,0,0,0,0,2.2090733956296966,41.412976201380715
61,4,0,0,0,0,0,2.197525202581634,41.411197489913654
61,5,0,0,0,0,0,2.192006020989062,41.406890991861545
61,6,0,0,0,0,0,2.205101429517954,41.41446098734803
62,0,0,0,0,0,0,2.2044761024221833,41.40905892807403
62,1,0,0,0,0,0,2.2079841653193193,41.418279077614606
62,2,0,0,0,0,0,2.203773209396296,41.41562898432549
62,3,0,0,0,0,0,2.2090733956296966,41.412976201380715
62,4,0,0,0,0,0,2.197525202581634,41.411197489913654
62,5,0,0,0,0,0,2.192006020989062,41.406890991861545
62,6,0,0,0,0,0,2.205101429517954,41.41446098734803
63,0,0,0,0,0,0,2.2044761024221833,41.40905892807403
63,1,0,0,0,0,0,2.2079841653193193,41.418279077614606
63,2,0,0,0,0,0,2.203773209396296,41.41562898432549
63,3,0,0,0,0,0,2.2090733956296966,41.412976201380715
63,4,0,0,0,0,0,2.197525202581634,41.411197489913654
63,5,0,0,0,0,0,2.192006020989062,41.406890991861545
63,6,0,0,0,0,0,2.205101429517954,41.41446098734803
64,0,0,0,0,0,0,2.2044761024221833,41.40905892807403
64,1,0,0,0,0,0,2.2079841653193193,41.418279077614606
64,2,0,0,0,0,0,2.203773209396296,41.41562898432549
64,3,0,0,0,0,0,2.2090733956296966,41.412976201380715
64,4,0,0,0,0,0,2.197525202581634,41.411197489913654
64,5,0,0,0,0,0,2.192006020989062,41.406890991861545
64,6,0,0,0,0,0,2.205101429517954,41.41446098734803
65,0,0,0,0,0,0,2.2044761024221833,41.40905892807403
65,1,0,0,0,0,0,2.2079841653193193,41.418279077614606
65,2,0,0,0,0,0,2.203773209396296,41.41562898432549
65,3,0,0,0,0,0,2.2090733956296966,41.412976201380715
65,4,0,0,0,0,0,2.197525202581634,41.411197489913654
65,5,0,0,0,0,0,2.192006020989062,41.406890991861545
65,6,0,0,0,0,0,2.205101429517954,41.41446098734803
66,0,0,0,0,0,0,2.2044761024221833,41.40905892807403
66,1,0,0,0,0,0,2.2079841653193193,41.418279077614606
66,2,0,0,0,0,0,2.203773209396296,41.41562898432549
66,3,0,0,0,0,0,2.2090733956296966,41.412976201380715
66,4,0,0,0,0,0,2.197525202581634,41.411197489913654
66,5,0,0,0,0,0,2.192006020989062,41.406890991861545
66,6,0,0,0,0,0,2.205101429517954,41.41446098734803
67,0,0,0,0,0,0,2.2044761024221833,41.40905892807403
67,1,0,0,0,0,0,2.2079841653193193,41.418279077614606
67,2,0,0,0,0,0,2.203773209396296,41.41562898432549
67,3,0,0,0,0,0,2.2090733956296966,41.412976201380715
67,4,0,0,0,0,0,2.197525202581634,41.411197489913654
67,5,0,0,0,0,0,2.192006020989062,41.406890991861545
67,6,0,0,0,0,0,2.205101429517954,41.41446098734803
68,0,0,0,0,0,0,2.2044761024221833,41.40905892807403
68,1,0,0,0,0,0,2.2079841653193193,41.418279077614606
68,2,0,0,0,0,0,2.203773209396296,41.41562898432549
68,3,0,0,0,0,0,2.2090733956296966,41.412976201380715
68,4,0,0,0,0,0,2.197525202581634,41.411197489913654
68,5,0,0,0,0,0,2.192006020989062,41.406890991861545
68,6,0,0,0,0,0,2.205101429517954,41.41446098734803
69,0,0,0,0,0,0,2.2044761024221833,41.40905892807403
69,1,0,0,0,0,0,2.2079841653193193,41.418279077614606
69,2,0,0,0,0,0,2.203773209396296,41.41562898432549
69,3,0,0,0,0,0,2.2090733956296966,41.412976201380715
69,4,0,0,0,0,0,2.197525202581634,41.411197489913654
69,5,0,0,0,0,0,2.192006020989062,41.406890991861545
69,6,0,0,0,0,0,2.205101429517954,41.41446098734803
70,0,0,0,0,0,0,2.2044761024221833,41.40905892807403
70,1,0,0,0,0,0,2.2079841653193193,41.418279077614606
70,2,0,0,0,0,0,2.203773209396296,41.41562898432549
70,3,0,0,0,0,0,2.2090733956296966,41.412976201380715
70,4,0,0,0,0,0,2.197525202581634,41.411197489913654
70,5,0,0,0,0,0,2.192006020989062,41.406890991861545
70,6,0,0,0,0,0,2.205101429517954,41.41446098734803
71,0,0,0,0,0,0,2.2044761024221833,41.40905892807403
71,1,0,0,0,0,0,2.2079841653193193,41.418279077614606
71,2,0,0,0,0,0,2.203773209396296,41.41562898432549
71,3,0,0,0,0,0,2.2090733956296966,41.412976201380715
71,4,0,0,0,0,0,2.197525202581634,41.411197489913654
71,5,0,0,0,0,0,2.192006020989062,41.406890991861545
71,6,0,0,0,0,0,2.205101429517954,41.41446098734803
72,0,0,0,0,0,0,2.2044761024221833,41.40905892807403
72,1,0,0,0,0,0,2.2079841653193193,41.418279077614606
72,2,0,0,0,0,0,2.203773209396296,41.41562898432549
72,3,0,0,0,0,0,2.2090733956296966,41.412976201380715
72,4,0,0,0,0,0,2.197525202581634,41.411197489913654
72,5,0,0,0,0,0,2.192006020989062,41.406890991861545
72,6,0,0,0,0,0,2.205101429517954,41.41446098734803
73,0,0,0,0,0,0,2.2044761024221833,41.40905892807403
73,1,0,0,0,0,0,2.2079841653193193,41.418279077614606
73,2,0,0,0,0,0,2.203773209396296,41.41562898432549
73,3,0,0,0,0,0,2.2090733956296966,41.412976201380715
73,4,0,0,0,0,0,2.197525202581634,41.411197489913654
73,5,0,0,0,0,0,2.192006020989062,41.406890991861545
73,6,0,0,0,0,0,2.205101429517954,41.41446098734803
74,0,0,0,0,0,0,2.2044761024221833,41.40905892807403
74,1,0,0,0,0,0,2.2079841653193193,41.418279077614606
74,2,0,0,0,0,0,2.203773209396296,41.41562898432549
74,3,0,0,0,0,0,2.2090733956296966,41.412976201380715
74,4,0,0,0,0,0,2.197525202581634,41.411197489913654
74,5,0,0,0,0,0,2.192006020989062,41.406890991861545
74,6,0,0,0,0,0,2.205101429517954,41.41446098734803
75,0,0,0,0,0,0,2.2044761024221833,41.40905892807403
75,1,0,0,0,0,0,2.2079841653193193,41.418279077614606
75,2,0,0,0,0,0,2.203773209396296,41.41562898432549
75,3,0,0,0,0,0,2.2090733956296966,41.412976201380715
75,4,0,0,0,0,0,2.197525202581634,41.411197489913654
75,5,0,0,0,0,0,2.192006020989062,41.406890991861545
75,6,0,0,0,0,0,2.205101429517954,41.41446098734803
76,0,0,0,0,0,0,2.2044761024221833,41.40905892807403
76,1,0,0,0,0,0,2.2079841653193193,41.418279077614606
76,2,0,0,0,0,0,2.203773209396296,41.41562898432549
76,3,0,0,0,0,0,2.2090733956296966,41.412976201380715
76,4,0,0,0,0,0,2.197525202581634,41.411197489913654
76,5,0,0,0,0,0,2.192006020989062,41.406890991861545
76,6,0,0,0,0,0,2.205101429517954,41.41446098734803
77,0,0,0,0,0,0,2.2044761024221833,41.40905892807403
77,1,0,0,0,0,0,2.2079841653193193,41.418279077614606
77,2,0,0,0,0,0,2.203773209396296,41.41562898432549
77,3,0,0,0,0,0,2.2090733956296966,41.412976201380715
77,4,0,0,0,0,0,2.197525202581634,41.411197489913654
77,5,0,0,0,0,0,2.192006020989062,41.406890991861545
77,6,0,0,0,0,0,2.205101429517954,41.41446098734803
78,0,0,0,0,0,0,2.2044761024221833,41.40905892807403
78,1,0,0,0,0,0,2.2079841653193193,41.418279077614606
78,2,0,0,0,0,0,2.203773209396296,41.41562898432549
78,3,0,0,0,0,0,2.2090733956296966,41.412976201380715
78,4,0,0,0,0,0,2.197525202581634,41.411197489913654
78,5,0,0,0,0,0,2.192006020989062,41.406890991861545
78,6,0,0,0,0,0,2.205101429517954,41.41446098734803
79,0,0,0,0,0,0,2.2044761024221833,41.40905892807403
79,1,0,0,0,0,0,2.2079841653193193,41.418279077614606
79,2,0,0,0,0,0,2.203773209396296,41.41562898432549
79,3,0,0,0,0,0,2.2090733956296966,41.412976201380715
79,4,0,0,0,0,0,2.197525202581634,41.411197489913654
79,5,0,0,0,0,0,2.192006020989062,41.406890991861545
79,6,0,0,0,0,0,2.205101429517954,41.41446098734803
80,0,0,0,0,0,0,2.2044761024221833,41.40905892807403
80,1,0,0,0,0,0,2.2079841653193193,41.418279077614606
80,2,0,0,0,0,0,2.203773209396296,41.41562898432549
80,3,0,0,0,0,0,2.2090733956296966,41.412976201380715
80,4,0,0,0,0,0,2.197525202581634,41.411197489913654
80,5,0,0,0,0,0,2.192006020989062,41.406890991861545
80,6,0,0,0,0,0,2.205101429517954,41.41446098734803
81,0,0,0,0,0,0,2.2044761024221833,41.40905892807403
81,1,0,0,0,0,0,2.2079841653193193,41.418279077614606
81,2,0,0,0,0,0,2.203773209396296,41.41562898432549
81,3,0,0,0,0,0,2.2090733956296966,41.412976201380715
81,4,0,0,0,0,0,2.197525202581634,41.411197489913654
81,5,0,0,0,0,0,2.192006020989062,41.406890991861545
81,6,0,0,0,0,0,2.205101429517954,41.41446098734803
82,0,0,0,0,0,0,2.2044761024221833,41.40905892807403
82,1,0,0,0,0,0,2.2079841653193193,41.418279077614606
82,2,0,0,0,0,0,2.203773209396296,41.41562898432549
82,3,0,0,0,0,0,2.2090733956296966,41.412976201380715
82,4,0,0,0,0,0,2.197525202581634,41.411197489913654
82,5,0,0,0,0,0,2.192006020989062,41.406890991861545
82,6,0,0,0,0,0,2.205101429517954,41.41446098734803
83,0,0,0,0,0,0,2.2044761024221833,41.40905892807403
83,1,0,0,0,0,0,2.2079841653193193,41.418279077614606
83,2,0,0,0,0,0,2.203773209396296,41.41562898432549
83,3,0,0,0,0,0,2.2090733956296966,41.412976201380715
83,4,0,0,0,0,0,2.197525202581634,41.411197489913654
83,5,0,0,0,0,0,2.192006020989062,41.406890991861545
83,6,0,0,0,0,0,2.205101429517954,41.41446098734803
84,0,0,0,0,0,0,2.2044761024221833,41.40905892807403
84,1,0,0,0,0,0,2.2079841653193193,41.418279077614606
84,2,0,0,0,0,0,2.203773209396296,41.41562898432549
84,3,0,0,0,0,0,2.2090733956296966,41.412976201380715
84,4,0,0,0,0,0,2.197525202581634,41.411197489913654
84,5,0,0,0,0,0,2.192006020989062,41.406890991861545
84,6,0,0,0,0,0,2.205101429517954,41.41446098734803
85,0,0,0,0,0,0,2.2044761024221833,41.40905892807403
85,1,0,0,0,0,0,2.2079841653193193,41.418279077614606
85,2,0,0,0,0,0,2.203773209396296,41.41562898432549
85,3,0,0,0,0,0,2.2090733956296966,41.412976201380715
85,4,0,0,0,0,0,2.197525202581634,41.411197489913654
85,5,0,0,0,0,0,2.192006020989062,41.406890991861545
85,6,0,0,0,0,0,2.205101429517954,41.41446098734803
86,0,0,0,0,0,0,2.2044761024221833,41.40905892807403
86,1,0,0,0,0,0,2.2079841653193193,41.418279077614606
86,2,0,0,0,0,0,2.203773209396296,41.41562898432549
86,3,0,0,0,0,0,2.2090733956296966,41.412976201380715
86,4,0,0,0,0,0,2.197525202581634,41.411197489913654
86,5,0,0,0,0,0,2.192006020989062,41.406890991861545
86,6,0,0,0,0,0,2.205101429517954,41.41446098734803
87,0,0,0,0,0,0,2.2044761024221833,41.40905892807403
87,1,0,0,0,0,0,2.2079841653193193,41.418279077614606
87,2,0,0,0,0,0,2.203773209396296,41.41562898432549
87,3,0,0,0,0,0,2.2090733956296966,41.412976201380715
87,4,0,0,0,0,0,2.197525202581634,41.411197489913654
87,5,0,0,0,0,0,2.192006020989062,41.406890991861545
87,6,0,0,0,0,0,2.205101429517954,41.41446098734803
88,0,0,0,0,0,0,2.2044761024221833,41.40905892807403
88,1,0,0,0,0,0,2.2079841653193193,41.418279077614606
88,2,0,0,0,0,0,2.203773209396296,41.41562898432549
88,3,0,0,0,0,0,2.2090733956296966,41.412976201380715
88,4,0,0,0,0,0,2.197525202581634,41.411197489913654
88,5,0,0,0,0,0,2.192006020989062,41.406890991861545
88,6,0,0,0,0,0,2.205101429517954,41.41446098734803
89,0,0,0,0,0,0,2.2044761024221833,41.40905892807403
89,1,0,0,0,0,0,2.2079841653193193,41.418279077614606
89,2,0,0,0,0,0,2.203773209396296,41.41562898432549
89,3,0,0,0,0,0,2.2090733956296966,41.412976201380715
89,4,0,0,0,0,0,2.197525202581634,41.411197489913654
89,5,0,0,0,0,0,2.192006020989062,41.406890991861545
89,6,0,0,0,0,0,2.205101429517954,41.41446098734803
90,0,0,0,0,0,0,2.2044761024221833,41.40905892807403
90,1,0,0,0,0,0,2.2079841653193193,41.418279077614606
90,2,0,0,0,0,0,2.203773209396296,41.41562898432549
90,3,0,0,0,0,0,2.2090733956296966,41.412976201380715
90,4,0,0,0,0,0,2.197525202581634,41.411197489913654
90,5,0,0,0,0,0,2.192006020989062,41.406890991861545
90,6,0,0,0,0,0,2.205101429517954,41.41446098734803
91,0,0,0,0,0,0,2.2044761024221833,41.40905892807403
91,1,0,0,0,0,0,2.2079841653193193,41.418279077614606
91,2,0,0,0,0,0,2.203773209396296,41.41562898432549
91,3,0,0,0,0,0,2.2090733956296966,41.412976201380715
91,4,0,0,0,0,0,2.197525202581634,41.411197489913654
91,5,0,0,0,0,0,2.192006020989062,41.406890991861545
91,6,0,0,0,0,0,2.205101429517954,41.41446098734803
92,0,0,0,0,0,0,2.2044761024221833,41.40905892807403
92,1,0,0,0,0,0,2.2079841653193193,41.418279077614606
92,2,0,0,0,0,0,2.203773209396296,41.41562898432549
92,3,0,0,0,0,0,2.2090733956296966,41.412976201380715
92,4,0,0,0,0,0,2.197525202581634,41.411197489913654
92,5,0,0,0,0,0,2.192006020989062,41.406890991861545
92,6,0,0,0,0,0,2.205101429517954,41.41446098734803
93,0,0,0,0,0,0,2.2044761024221833,41.40905892807403
93,1,0,0,0,0,0,2.2079841653193193,41.418279077614606
93,2,0,0,0,0,0,2.203773209396296,41.41562898432549
93,3,0,0,0,0,0,2.2090733956296966,41.412976201380715
93,4,0,0,0,0,0,2.197525202581634,41.411197489913654
93,5,0,0,0,0,0,2.192006020989062,41.406890991861545
93,6,0,0,0,0,0,2.205101429517954,41.41446098734803
94,0,0,0,0,0,0,2.2044761024221833,41.40905892807403
94,1,0,0,0,0,0,2.2079841653193193,41.418279077614606
94,2,0,0,0,0,0,2.203773209396296,41.41562898432549
94,3,0,0,0,0,0,2.2090733956296966,41.412976201380715
94,4,0,0,0,0,0,2.197525202581634,41.411197489913654
94,5,0,0,0,0,0,2.192006020989062,41.406890991861545
94,6,0,0,0,0,0,2.205101429517954,41.41446098734803
95,0,0,0,0,0,0,2.2044761024221833,41.40905892807403
95,1,0,0,0,0,0,2.2079841653193193,41.418279077614606
95,2,0,0,0,0,0,2.203773209396296,41.41562898432549
95,3,0,0,0,0,0,2.2090733956296966,41.412976201380715
95,4,0,0,0,0,0,2.197525202581634,41.411197489913654
95,5,0,0,0,0,0,2.192006020989062,41.406890991861545
95,6,0,0,0,0,0,2.205101429517954,41.41446098734803
96,0,0,0,0,0,0,2.2044761024221833,41.40905892807403
96,1,0,0,0,0,0,2.2079841653193193,41.418279077614606
96,2,0,0,0,0,0,2.203773209396296,41.41562898432549
96,3,0,0,0,0,0,2.2090733956296966,41.412976201380715
96,4,0,0,0,0,0,2.197525202581634,41.411197489913654
96,5,0,0,0,0,0,2.192006020989062,41.406890991861545
96,6,0,0,0,0,0,2.205101429517954,41.41446098734803
97,0,0,0,0,0,0,2.2044761024221833,41.40905892807403
97,1,0,0,0,0,0,2.2079841653193193,41.418279077614606
97,2,0,0,0,0,0,2.203773209396296,41.41562898432549
97,3,0,0,0,0,0,2.2090733956296966,41.412976201380715
97,4,0,0,0,0,0,2.197525202581634,41.411197489913654
97,5,0,0,0,0,0,2.192006020989062,41.406890991861545
97,6,0,0,0,0,0,2.205101429517954,41.41446098734803
98,0,0,0,0,0,0,2.2044761024221833,41.40905892807403
98,1,0,0,0,0,0,2.2079841653193193,41.418279077614606
98,2,0,0,0,0,0,2.203773209396296,41.41562898432549
98,3,0,0,0,0,0,2.2090733956296966,41.412976201380715
98,4,0,0,0,0,0,2.197525202581634,41.411197489913654
98,5,0,0,0,0,0,2.192006020989062,41.406890991861545
98,6,0,0,0,0,0,2.205101429517954,41.41446098734803
99,0,0,0,0,0,0,2.2044761024221833,41.40905892807403
99,1,0,0,0,0,0,2.2079841653193193,41.418279077614606
99,2,0,0,0,0,0,2.203773209396296,41.41562898432549
99,3,0,0,0,0,0,2.2090733956296966,41.412976201380715
99,4,0,0,0,0,0,2.197525202581634,41.411197489913654
99,5,0,0,0,0,0,2.192006020989062,41.406890991861545
99,6,0,0,0,0,0,2.205101429517954,41.41446098734803
