time,server_id,on/off,cpu,mem,hdd,#jobs
0,0,0,0,0,0,0,2.1953016651453585,41.4077008334515
1,0,0,0,0,0,0,2.1953016651453585,41.4077008334515
2,0,0,0,0,0,0,2.1953016651453585,41.4077008334515
3,0,0,0,0,0,0,2.1953016651453585,41.4077008334515
4,0,0,0,0,0,0,2.1953016651453585,41.4077008334515
5,0,0,0,0,0,0,2.1953016651453585,41.4077008334515
6,0,0,0,0,0,0,2.1953016651453585,41.4077008334515
7,0,0,0,0,0,0,2.1953016651453585,41.4077008334515
8,0,0,0,0,0,0,2.1953016651453585,41.4077008334515
9,0,0,0,0,0,0,2.1953016651453585,41.4077008334515
10,0,0,0,0,0,0,2.1953016651453585,41.4077008334515
11,0,0,0,0,0,0,2.1953016651453585,41.4077008334515
12,0,0,0,0,0,0,2.1953016651453585,41.4077008334515
13,0,0,0,0,0,0,2.1953016651453585,41.4077008334515
14,0,0,0,0,0,0,2.1953016651453585,41.4077008334515
15,0,0,0,0,0,0,2.1953016651453585,41.4077008334515
16,0,0,0,0,0,0,2.1953016651453585,41.4077008334515
17,0,0,0,0,0,0,2.1953016651453585,41.4077008334515
18,0,0,0,0,0,0,2.1953016651453585,41.4077008334515
19,0,0,0,0,0,0,2.1953016651453585,41.4077008334515
20,0,0,0,0,0,0,2.1953016651453585,41.4077008334515
21,0,0,0,0,0,0,2.1953016651453585,41.4077008334515
22,0,0,0,0,0,0,2.1953016651453585,41.4077008334515
23,0,0,0,0,0,0,2.1953016651453585,41.4077008334515
24,0,0,0,0,0,0,2.1953016651453585,41.4077008334515
25,0,0,0,0,0,0,2.1953016651453585,41.4077008334515
26,0,0,0,0,0,0,2.1953016651453585,41.4077008334515
27,0,0,0,0,0,0,2.1953016651453585,41.4077008334515
28,0,0,0,0,0,0,2.1953016651453585,41.4077008334515
29,0,0,0,0,0,0,2.1953016651453585,41.4077008334515
30,0,0,0,0,0,0,2.1953016651453585,41.4077008334515
31,0,0,0,0,0,0,2.1953016651453585,41.4077008334515
32,0,0,0,0,0,0,2.1953016651453585,41.4077008334515
33,0,0,0,0,0,0,2.1953016651453585,41.4077008334515
34,0,0,0,0,0,0,2.1953016651453585,41.4077008334515
35,0,0,0,0,0,0,2.1953016651453585,41.4077008334515
36,0,0,0,0,0,0,2.1953016651453585,41.4077008334515
37,0,0,0,0,0,0,2.1953016651453585,41.4077008334515
38,0,0,0,0,0,0,2.1953016651453585,41.4077008334515
39,0,0,0,0,0,0,2.1953016651453585,41.4077008334515
40,0,0,0,0,0,0,2.1953016651453585,41.4077008334515
41,0,0,0,0,0,0,2.1953016651453585,41.4077008334515
42,0,0,0,0,0,0,2.1953016651453585,41.4077008334515
43,0,0,0,0,0,0,2.1953016651453585,41.4077008334515
44,0,0,0,0,0,0,2.1953016651453585,41.4077008334515
45,0,0,0,0,0,0,2.1953016651453585,41.4077008334515
46,0,0,0,0,0,0,2.1953016651453585,41.4077008334515
47,0,0,0,0,0,0,2.1953016651453585,41.4077008334515
48,0,0,0,0,0,0,2.1953016651453585,41.4077008334515
49,0,0,0,0,0,0,2.1953016651453585,41.4077008334515
50,0,0,0,0,0,0,2.1953016651453585,41.4077008334515
51,0,0,0,0,0,0,2.1953016651453585,41.4077008334515
52,0,0,0,0,0,0,2.1953016651453585,41.4077008334515
53,0,0,0,0,0,0,2.1953016651453585,41.4077008334515
54,0,0,0,0,0,0,2.1953016651453585,41.4077008334515
55,0,0,0,0,0,0,2.1953016651453585,41.4077008334515
56,0,0,0,0,0,0,2.1953016651453585,41.4077008334515
57,0,0,0,0,0,0,2.1953016651453585,41.4077008334515
58,0,0,0,0,0,0,2.1953016651453585,41.4077008334515
59,0,0,0,0,0,0,2.1953016651453585,41.4077008334515
60,0,0,0,0,0,0,2.1953016651453585,41.4077008334515
61,0,0,0,0,0,0,2.1953016651453585,41.4077008334515
62,0,0,0,0,0,0,2.1953016651453585,41.4077008334515
63,0,0,0,0,0,0,2.1953016651453585,41.4077008334515
64,0,0,0,0,0,0,2.1953016651453585,41.4077008334515
65,0,0,0,0,0,0,2.1953016651453585,41.4077008334515
66,0,0,0,0,0,0,2.1953016651453585,41.4077008334515
67,0,0,0,0,0,0,2.1953016651453585,41.4077008334515
68,0,0,0,0,0,0,2.1953016651453585,41.4077008334515
69,0,0,0,0,0,0,2.1953016651453585,41.4077008334515
70,0,0,0,0,0,0,2.1953016651453585,41.4077008334515
71,0,0,0,0,0,0,2.1953016651453585,41.4077008334515
72,0,0,0,0,0,0,2.1953016651453585,41.4077008334515
73,0,0,0,0,0,0,2.1953016651453585,41.4077008334515
74,0,0,0,0,0,0,2.1953016651453585,41.4077008334515
75,0,0,0,0,0,0,2.1953016651453585,41.4077008334515
76,0,0,0,0,0,0,2.1953016651453585,41.4077008334515
77,0,0,0,0,0,0,2.1953016651453585,41.4077008334515
78,0,0,0,0,0,0,2.1953016651453585,41.4077008334515
79,0,0,0,0,0,0,2.1953016651453585,41.4077008334515
80,0,0,0,0,0,0,2.1953016651453585,41.4077008334515
81,0,0,0,0,0,0,2.1953016651453585,41.4077008334515
82,0,0,0,0,0,0,2.1953016651453585,41.4077008334515
83,0,0,0,0,0,0,2.1953016651453585,41.4077008334515
84,0,0,0,0,0,0,2.1953016651453585,41.4077008334515
85,0,0,0,0,0,0,2.1953016651453585,41.4077008334515
86,0,0,0,0,0,0,2.1953016651453585,41.4077008334515
87,0,0,0,0,0,0,2.1953016651453585,41.4077008334515
88,0,0,0,0,0,0,2.1953016651453585,41.4077008334515
89,0,0,0,0,0,0,2.1953016651453585,41.4077008334515
90,0,0,0,0,0,0,2.1953016651453585,41.4077008334515
91,0,0,0,0,0,0,2.1953016651453585,41.4077008334515
92,0,0,0,0,0,0,2.1953016651453585,41.4077008334515
93,0,0,0,0,0,0,2.1953016651453585,41.4077008334515
94,0,0,0,0,0,0,2.1953016651453585,41.4077008334515
95,0,0,0,0,0,0,2.1953016651453585,41.4077008334515
96,0,0,0,0,0,0,2.1953016651453585,41.4077008334515
97,0,0,0,0,0,0,2.1953016651453585,41.4077008334515
98,0,0,0,0,0,0,2.1953016651453585,41.4077008334515
99,0,0,0,0,0,0,2.1953016651453585,41.4077008334515
